"species","size","views"
"Begonia samhaensis",9543,2
