"species","size","views"
"Bromelia serra",8269,2
