"species","size","views"
"Bulbophyllum morphologorum",8027,2
