"species","size","views"
"Calochortus aureus",9032,8
