"species","size","views"
"Carex egglestonii",70026,1
