"species","size","views"
"Draba lactea",9038,2
