"species","size","views"
"Eleutherodactylus tonyi",8577,1
