"species","size","views"
"Gleditsia aquatica",9096,15
