"species","size","views"
"Iris orientalis",23355,3
