"species","size","views"
"Koilodepas calycinum",8287,3
