"species","size","views"
"Nemacladus twisselmannii",9389,1
