"species","size","views"
"Nepenthes pectinata",24230,2
