"species","size","views"
"Pouteria fulva",8152,3
