"species","size","views"
"Prunella grandiflora",8427,6
